16
35
28
25
31
58
50
34
28
25
29
52
71
122
184
261
319
414
411
346
407
630
620
406
391
364
406
393
334
334
241
221
205
145
121
72
225
314
543
763
1029
1927
1897
1876
2386
2076
1865
1898
1695
1639
1572
1631
1514
1418
1304
1135
1622
1388
1299
1026
1242
1719
2227
2836
3275
6171
6454
5130
4450
4576
4154
4222
4012
3945
4008
3807
3669
3574
3428
3095
2635
2157
1848
1483
1336
1573
2145
3290
3860
4257
4383
4048
0
3944
4042
4184
4303
3949
3454
2986
2772
2702
2073
1819
1914
2260
3494
0
4283
3752
3994
4583
3909
3094
2262
1725
1592
1426
1480
1905
2861
3737
4713
5253
5635
5766
5333
1380
4090
4504
4465
4318
4001
3035
2494
2045
1711
1626
1788
2173
2913
3740
4488
4719
5311
5086
5060
5081
1433
7483
8669
8142
7385
6712
6291
5305
4349
3761
2805
3093
3782
4946
4148
7792
7005
6514
6463
6072
4921
4197
2994
3203
2417
2626
3408
0
8955
8812
10258
8655
6060
4983
4277
2958
2628
2590
2665
0
7510
6361
4071
2028
312
656
687
1582
1335
2405
1538
2615
1753
3166
2759
2945
4567
3442
2382
2837
2751
3208
1837
1439
1504
1358
618
1270
469
1001
520
1210
1389
1490
1667
2120
2508
1628
2099
2888
2665
2939
2264
2567
2864
2958
1990
1851
3032
1956
981
1019
954
1008
1328
1859
2240
1895
2750
2618
3719
3252
2855
2597
4458
2038
2219
4077
3292
2030
2403
3694
1046
2829
608
1871
322
1447
1468
1501
2017
2301
2878
3067
2316
3889
3087
3654
3993
1855
3898
2024
3581
4097
2067
3711
1318
2160
1361
948
864
1162
888
1046
2061
2200
2960
4109
2272
5162
2562
3112
4227
4144
1621
3808
3866
1471
3708
1043
3534
2511
1950
1837
131
1888
1086
2693
1930
2366
3230
2202
4299
4368
4829
2367
4967
3727
4592
2717
3728
3893
2070
4300
3398
1072
1194
1601
685
787
1291
1933
2438
3183
3716
3561
3413
2917
5041
5078
595
6206
2737
4126
2960
3625
3219
2252
2160
2174
1987
1892
471
1898
1715
1737
2269
2781
3531
3556
4436
2767
5073
1554
4151
1563
4815
1352
1486
3319
1919
3100
719
2197
507
1512
297
1510
884
1338
1682
2361
3196
1651
4253
1957
1597
3789
2140
2552
2902
4263
717
3704
3255
2686
289
2119
2010
1703
381
2314
1118
2993
3752
3887
2737
3260
3477
5293
6226
2316
5751
7914
2984
4946
6395
2677
6623
1252
4006
2692
456
2143
2596
1251
2806
4160
3692
3794
3485
2843
4719
3548
5544
1196
4764
4523
949
4124
3580
1295
3458
2898
950
1404
1800
1300
993
1225
1977
2610
1939
4024
1758
5261
2843
2866
5592
5541
790
5486
3027
5474
4903
2361
4529
3638
1505
1136
2230
1702
1922
708
3660
2297
2135
5639
2598
6392
1649
4216
5344
4701
4763
1947
3231
4326
4321
4521
3670
2854
2258
1726
1388
169
1567
2159
2436
1179
3769
2651
2138
5276
4563
4180
4102
4224
3914
4312
4072
3902
3974
1007
1838
2618
840
1532
1626
1242
1477
221
1655
2194
2002
2853
1305
1658
3656
3420
3320
858
2234
3126
3079
1094
3193
3371
1230
1858
2391
1822
730
846
1389
690
1659
1882
2259
1847
4959
1012
5239
4938
2602
1552
4195
4334
3035
1155
3894
3885
3544
2818
2188
1852
1784
1493
94
2106
2716
1212
3514
2285
4988
1430
4587
5212
4199
4977
4683
1092
3395
3799
3863
3758
3496
2922
2314
1882
1650
100
1605
1982
988
3402
2420
1877
4562
2346
3408
4331
4218
4306
2837
2385
4616
4473
903
3809
617
2514
292
1747
1471
356
1666
369
2004
2027
2607
1635
3545
2487
4098
3343
4060
4377
4056
3619
3352
3720
2089
2569
3124
2257
1886
892
508
1267
1300
280
2311
3238
3958
591
4101
4076
4150
3729
4025
4407
4552
4199
4083
4444
4662
658
3396
2926
2568
209
1407
1474
841
1749
1444
3700
2249
2923
5658
6759
3009
7225
2332
6574
6164
1200
7575
6951
1361
5079
3074
1289
2796
850
1652
519
1742
608
2245
2721
1822
3016
3799
2739
3446
4603
2421
4051
1904
1600
1090
1366
970
736
1771
1630
2005
2896
3362
5041
3986
3869
3149
4025
4464
4284
959
3472
4133
3682
2115
1616
2316
938
1982
2258
2437
4089
2747
4740
4064
5288
5179
6523
6352
7247
5609
5821
7338
4424
8095
4415
5680
3734
2367
1854
1774
1288
1486
2019
3008
3135
2991
4457
3242
5032
3914
5177
4634
4864
5935
6024
10092
6284
8544
6330
7034
6095
3845
3015
3428
1207
2449
3106
4263
6033
4279
6911
4867
7390
5149
8309
5462
8836
5844
9020
7370
15112
45760
41757
37065
8975
4950
34353
41013
41224
35908
8352
29252
26353
25130
23882
19637
16390
13095
9255
6881
0
1570
6054
6397
5231
4525
3338
2526
1240
1549
1327
1233
1608
2788
3695
2726
4409
4770
3860
5179
6260
5256
5298
4817
6336
4142
6571
5797
5117
6124
3265
3630
7098
6469
5592
6983
11328
17982
23673
13312
36434
35519
32747
29275
22053
16191
11950
3833
8230
5887
8504
6139
7365
6784
3754
3761
2157
2334
2131
4021
3330
5821
5765
5323
6541
4730
6818
6410
5951
7538
5843
8244
6754
8900
9935
6288
8150
4453
4900
2693
2783
1694
2455
2654
4971
5321
6633
7754
5616
7795
7593
6326
8521
6797
11448
8023
10190
10023
6776
9829
6961
7324
4139
3867
3031
1813
2161
2974
3236
5532
6471
5151
7665
7270
6183
8283
5679
8379
7100
6949
9196
6195
9421
8128
7014
7258
4704
3914
3017
1520
2338
2472
3782
5893
4511
7384
5177
8018
5163
7684
5265
7645
6293
7198
8790
5655
9020
7877
4725
6070
3933
2790
2567
1857
3409
3107
4919
5096
5309
7351
4845
7671
8023
5572
8335
5020
7741
6786
7546
8749
5821
7925
7055
3782
4183
2810
1439
2138
2812
2202
4212
4637
4278
6111
4327
6572
6083
5666
7267
4455
6274
5029
7956
6983
6919
8350
4708
5530
3339
1855
1851
1273
2299
3443
2815
5090
4317
5444
6760
4362
7095
5316
7779
6226
6274
7247
5879
10967
6745
8753
6312
6091
5059
2339
2576
2348
2065
3844
3070
5054
6334
4532
7047
6632
4332
4569
3778
6227
5665
5675
7032
7705
5290
7696
7142
4068
4653
3212
1473
2145
2879
2775
4462
5472
4623
5056
6026
4373
5831
7250
6334
5442
5748
7094
6797
5512
6990
5034
5549
5362
3204
3178
1772
1928
1439
2836
3544
3413
5198
3831
5707
5798
4665
3775
5887
5639
4163
5715
4978
5421
6356
4366
5636
5020
2655
2906
1821
1198
1615
2070
2325
3702
3458
4453
5232
3504
5072
5484
3747
5312
6027
6106
4818
6113
5389
3771
4770
3162
3437
2425
1139
1648
1979
2054
2800
3832
4126
3447
4838
4949
4498
6479
4238
6095
6001
4259
6142
6492
4566
5754
4429
5041
3486
2088
2201
1964
1511
2809
3731
2659
4400
4828
4130
4462
5358
5576
3981
5583
5549
5443
3968
6183
6058
4003
5275
3389
2461
826
591
1266
2058
2968
2430
4156
4514
3758
3633
3572
4656
3252
6305
5997
4289
6125
6471
4854
5572
5687
4058
3645
3441
2583
1343
1761
2136
2009
3461
4470
3878
4874
5813
4642
4761
5571
5716
4829
5307
6206
5935
6723
5357
6345
5859
4126
3493
2968
1732
1936
2541
2525
3253
4408
4867
3715
5924
5848
4171
5611
6422
4243
6565
6599
4765
5512
3253
3258
2795
2568
2377
1581
1660
1376
1823
1963
2971
4313
4510
3230
5102
4702
4935
5660
4173
5682
5842
4050
6548
6325
4177
5291
4665
2744
3324
2358
1309
1627
1607
1425
2739
3292
3192
4569
4670
3672
5716
5543
4472
6191
6047
5234
6966
5147
5958
5727
3612
3495
2984
1786
1527
1685
1800
2269
3582
3605
4157
5480
4789
3887
5696
5646
3852
5940
6410
4977
6966
6554
3838
5320
4577
2842
2137
1974
1572
1169
1907
2755
2644
3878
4879
3408
4863
5224
3801
6332
6185
4457
6319
6028
4816
6394
5382
4895
4995
3253
3066
2409
1241
1742
2083
2189
3824
2995
4884
4268
4558
5351
3887
5889
6473
4486
6809
6198
5380
7062
6281
4894
5389
3436
2660
2325
1368
1578
2241
2111
3845
4706
3844
5358
3563
5912
5536
4992
6545
5512
7543
5100
7858
6297
6314
6833
3926
5010
2936
2306
1999
1294
2251
2015
3642
3729
4423
5022
5727
3858
6437
5831
4671
6480
5004
6420
6529
4561
6665
5186
4217
4512
2497
2574
1890
1113
1802
2084
2622
3868
3668
4591
3467
4910
5306
3660
5722
5395
4811
6104
4982
5834
6222
3560
5070
3792
1804
1613
1327
1333
1168
2126
3157
2577
4693
4895
3609
5395
5528
4451
6523
5314
6446
7959
4967
7522
5729
5338
5432
2942
3302
2258
1326
1786
1821
2648
3850
3005
4905
4492
5003
4459
6166
6404
4588
7542
6020
7224
7842
4813
6862
5271
3295
4030
2908
1488
1918
1480
1783
3034
2961
4082
4636
4638
6096
4599
5503
861
1718
5862
13131
14660
8477
5461
7973
4799
6101
4112
2523
2539
1378
1954
1579
3104
3981
3678
5376
4103
6147
4926
5609
6622
4426
7111
7538
5118
7405
6819
5150
5994
4445
3326
3210
1844
1607
1800
1805
2789
4508
3283
5169
4839
5674
4583
5126
6403
4820
7071
7375
4995
7226
7263
5004
6148
3868
4060
3138
1657
2017
1427
2350
3258
3290
5222
3898
5931
5894
3791
6088
6304
3816
4406
3461
2811
7122
6846
3875
5923
5001
2935
3116
2316
1165
1680
1705
2160
3666
3306
4362
5199
3837
5190
5918
3849
6475
6194
5286
6820
4433
6911
5721
4217
5170
3238
2680
2317
1170
1576
1723
1634
3504
4478
3436
5351
4192
4662
5783
3947
6005
5725
4742
7005
5526
6121
5688
3888
5001
4313
2133
2490
1770
1398
2236
2760
3650
5107
3494
5525
5014
4100
6009
5192
5367
6148
5886
6357
6671
6060
6467
6595
3891
4681
3062
1934
2236
1449
2570
3619
3090
5434
5257
5046
6384
4982
5778
6209
5884
5673
7630
5331
7910
6263
7526
5738
4345
4506
2669
2109
1888
1297
2411
2956
3225
4918
4442
5250
5952
3999
5749
5963
4353
5451
6280
4854
5884
6234
6592
3899
5097
4002
1927
2324
1675
1305
2323
2865
3252
5017
5050
5005
5687
4709
5199
6151
4372
6380
6829
4549
6588
6734
4273
5905
5102
2649
2874
2022
1239
1595
2184
2049
4112
4513
4642
5025
3927
5522
5649
4058
5894
5856
1555
4897
5021
6124
6204
3629
4294
3702
1840
2266
1691
1124
1866
2450
2496
3819
3873
3508
4519
4079
4217
5166
4247
5804
3720
6181
4968
5248
5395
3716
4083
3253
1731
1934
1447
956
1515
2115
1846
3271
3710
2928
3949
4508
3409
4358
5112
3652
5353
5407
3849
5594
4030
4028
3992
2855
2187
1977
1109
1402
2075
1960
3606
4745
3509
5092
5367
5722
3793
6120
5356
6714
5486
7125
6805
4792
6509
4951
3442
3528
1887
1990
1681
1209
2198
2881
2483
3917
4921
4252
4269
4887
4694
5340
3925
5884
5723
6875
6586
4464
5754
5461
3635
3518
3092
1612
1973
1769
1754
3515
4428
3577
5659
5539
4385
5446
4887
6189
5925
6302
4367
6386
6714
4689
6101
5666
4033
3527
2927
1736
1596
1758
1759
3000
4106
3768
4621
5241
4484
4828
5384
5323
3786
6026
5305
6665
6737
4405
6492
5669
3301
3904
2877
1477
1691
1628
1802
2183
3236
3551
4030
3395
3051
3931
3922
4188
4175
1515
3244
5367
6176
4144
3953
5156
4333
2904
2235
2144
1603
937
1689
2377
2425
3694
4336
4718
3383
4591
5008
3776
5373
6288
4203
6457
6721
4667
6169
5679
4248
3033
2946
1739
1383
1659
1510
2237
3440
3738
3842
5032
4604
3922
5121
5166
3750
5719
6122
4113
7004
6465
4625
5776
5110
2923
3145
2396
1205
1874
2238
1847
3674
4580
3698
5970
4853
5886
5851
4519
6708
6196
5535
6988
5976
5630
6727
4561
4285
3916
2266
1817
1596
1200
1951
3215
2580
4469
4982
3929
5560
5444
4564
6381
5161
6129
6474
5550
6108
6796
5040
5385
4994
3370
2535
2533
1174
1699
2348
2396
4468
4923
3664
6019
5135
4638
6178
6597
4685
6503
7199
6074
6660
7098
5102
4435
5113
3533
2181
2194
1602
1626
2443
2960
3731
5287
5139
4926
5649
5945
4534
6467
6645
4484
7319
7406
5403
7246
6817
5157
4339
4481
2945
1734
1812
1848
1715
3368
4294
4190
4722
5580
5793
4266
6591
6767
4537
3728
3818
3458
7173
4981
6174
5990
3681
3946
3013
1790
1840
1758
1599
2470
3972
4081
4039
4616
3916
4480
5303
4663
4466
5670
5374
4697
6129
5787
4181
5567
4684
2776
3005
2373
1271
1551
1734
2081
2370
3326
4157
4129
2855
4874
4924
3683
5102
5411
4138
4776
5581
4621
4916
4413
3426
1910
2243
1784
1094
1308
1889
2053
3124
4065
3882
5035
5670
3584
5804
6559
5504
4471
6294
5654
4369
6004
5958
4894
3901
2972
2584
2016
1057
1647
2061
2095
3400
4102
4180
3839
5119
5239
3710
6381
6344
5023
4035
6165
5961
5021
4874
5192
4210
2955
3000
2089
1328
1532
2128
2419
3899
4644
3246
5112
5196
4883
3661
5710
5869
4349
5880
5994
5580
3851
5332
4966
3793
2972
2573
1892
1196
1556
2063
1850
3646
4428
3500
5994
3666
5131
5574
4051
5297
222
5209
5841
5341
4796
4785
4826
2921
3239
2144
1443
1477
1490
1397
2713
3456
3812
3157
5018
5048
4782
3553
5886
5406
2260
5628
4404
5731
5849
4488
4161
4517
3362
2004
2324
1550
970
1806
2545
2415
3362
4195
3991
3590
4768
4396
4495
5794
4291
5142
5592
4153
5798
5850
3906
4067
3551
2625
1588
1669
1534
1204
2623
3288
2815
4804
4892
3858
5296
4684
4415
5556
4526
4791
6722
4960
5847
5764
3821
4567
3709
2115
1702
1563
1501
1661
2937
3048
4158
6310
3131
3728
5600
3941
6492
5173
4542
5427
6925
6214
5263
6326
5407
3149
3757
2664
1529
1831
1877
1579
3148
3908
3249
5560
5644
4034
6893
4970
7205
5846
3942
6044
7182
4946
6749
6705
4119
5021
3855
1975
2191
1720
1185
2273
3260
3178
4970
5302
4519
5581
4859
5388
6802
5779
5342
6502
6923
5160
6831
6202
4232
5270
3850
2377
2162
1798
1246
2387
3487
2874
4116
5658
5043
5013
5710
5191
5004
5991
4754
6097
5052
5543
6324
4734
4953
5084
2951
1956
2241
1573
1495
2165
2904
3460
5141
4297
4775
6236
4910
4587
7196
4647
4102
5006
6615
5995
5714
7083
4349
5212
4144
2124
2320
1715
1078
1981
2725
2445
3960
4394
4526
3429
4934
4999
3817
4938
5120
5233
3770
6001
5991
4807
3869
4358
3736
2161
1717
1658
1431
1184
2220
3215
3550
4648
3665
4262
3637
4101
4675
3310
4715
4887
3856
6423
6266
3996
5290
5190
2981
2449
2180
1256
1649
2063
2141
3820
4188
5643
3728
5573
5504
3233
5338
6224
4240
4875
4288
5979
6067
4799
4276
4587
3653
2081
1619
1783
1431
1926
3297
3874
1183
64
332
111
2974
5573
6890
5542
5651
6643
5327
6034
6329
5158
5071
5101
3086
2806
1900
1185
1792
2263
2439
3923
4359
5841
4977
5252
6372
5524
4744
6081
5858
4217
6502
6700
5464
6017
5012
4615
4066
2403
164
1998
1648
2005
3514
2121
1738
5724
5784
4316
5983
6305
4970
6482
6370
4173
6342
6558
6267
4690
5990
4920
2808
2902
2133
1489
1058
2003
2946
3980
2848
5124
4887
4129
4450
5387
5461
3698
5149
3410
5242
5573
4681
5826
5164
2922
3721
2766
1471
1748
1644
1442
2706
3281
2658
4140
4460
3054
4954
4342
3676
5213
4388
4262
5990
4185
5955
5425
3123
4014
3215
1563
2098
1600
1016
1896
2463
2147
3882
4364
3372
5116
5077
3537
5304
5501
3800
5211
6382
4542
5855
5028
3444
3036
2463
2056
1250
1547
1445
1560
2995
3753
3379
5418
3748
5215
4649
4747
6414
4305
5961
6039
6452
4227
6388
4859
4484
4485
2465
2884
2003
1596
1938
1785
3360
3780
4119
5369
4827
5252
6355
4262
6808
5744
5625
4093
6381
5612
5636
6700
3877
4645
3890
2152
2096
1847
1532
2000
3000
4380
3475
5945
5080
5408
6205
4251
6710
5190
6016
6198
4237
6491
6497
5047
6026
4716
3389
3373
2405
1755
2132
1890
3721
4789
5020
5581
4858
6983
5086
7542
5077
7125
4548
6799
4332
7144
5061
6513
5070
3741
3925
1928
2400
1433
1765
2694
2517
4633
3595
5979
4431
5437
5798
5195
6517
4506
4449
3451
6978
4885
7363
5553
6268
4694
3970
2953
1953
2029
1158
2276
2019
3321
2745
4868
3849
4849
5374
4248
5598
3945
5749
4126
6348
4398
6664
5531
4823
5165
2914
3360
1621
2071
1315
1846
2894
3031
5034
3626
5791
3716
5631
3991
5950
5266
4578
6279
4358
6975
4729
5947
5714
3540
4665
2448
2878
1521
2071
1926
2759
3633
3059
4839
3525
5018
3423
5273
3951
5193
4497
4612
6196
4088
6760
4042
5786
4002
3264
2773
1573
1812
1161
2311
2515
3641
4443
4268
5062
4901
5525
4755
6436
4350
6150
4314
6789
4555
6629
4265
5389
4770
2395
2708
1751
1482
1846
1699
3341
2547
4689
4793
5293
4018
6225
4308
5960
7059
4458
7569
5520
7033
6539
5235
6231
3612
4409
2760
2607
1923
1695
2890
2573
4641
3853
7872
4160
4486
6484
4387
6831
4683
6966
4779
7252
5168
7859
5398
6405
3805
5137
3002
2714
1850
1754
2667
3028
3356
5529
4124
6056
3957
5836
2964
7081
5253
7249
4945
8137
5510
8182
5110
7545
4383
5973
3117
3538
1964
2205
2125
3299
3248
4343
4481
3733
5703
4205
5579
4003
5990
3993
5430
4660
7546
5360
9302
6101
7417
5962
3692
3915
1699
1806
1761
2487
2916
3924
4001
5418
3659
5482
3976
6570
4383
6413
4914
6743
5627
7272
5199
7243
5242
6040
3161
3124
1736
2058
1767
3212
2919
4729
4185
5459
4092
5357
4733
6346
4438
6630
4307
8257
5363
7853
5207
7065
4704
4734
3299
2725
2045
1623
2089
2428
3812
3418
4205
5670
3586
4245
5299
4539
6127
3721
5390
5039
4393
6619
4414
6695
4233
4670
3131
2772
2022
1786
2127
2133
3506
2901
5461
3961
5807
3730
5782
4060
5387
4086
4600
5400
4438
6491
4707
4227
4825
3089
2567
2025
1442
1767
1409
2877
2399
4070
4391
3401
4948
3285
4777
3394
4942
4845
3677
5313
3629
5393
4594
4002
6059
2981
3089
1659
1949
1321
2353
2489
3943
3986
5052
5498
3559
5811
4227
6669
4915
6060
4946
21067
19656
19061
18614
16970
14434
11991
9451
10877
6800
5801
6774
1319
19403
20016
20635
19439
17729
15377
11365
8290
6130
5633
6226
1244
15527
17453
16843
15327
13162
10829
8492
6891
5396
5512
7360
9869
12077
13985
15302
16440
2695
19764
19535
18772
17846
16088
12933
9046
6984
5362
5591
7486
10093
12602
14250
11643
18704
21249
21170
18628
15202
12177
8883
7131
5658
5925
8435
11725
14182
17112
3969
24761
24141
23057
19996
16495
12484
9361
7707
5798
5952
6518
26672
27155
24854
21671
18102
14476
10869
8922
7132
7001
3809
26464
27678
25692
23425
19727
15732
12040
9522
3847
21852
22022
22420
21139
18832
15673
12627
10193
7253
6253
7432
10547
13026
15631
6171
23739
24286
25268
24027
21748
17925
13418
10243
7951
7602
10014
0
26340
26310
24793
23163
19026
15241
11031
8832
7013
1272
27268
29325
27808
24925
22586
18504
14056
10844
3755
26315
27269
28120
25773
21857
16270
11620
9207
6987
6984
9724
1290
34125
33134
30841
28875
24351
19955
14186
11195
8567
0
29539
29582
28877
26242
23385
19050
14814
11682
3936
33652
37181
34448
32805
28667
23547
17627
13118
9200
8505
10235
15196
9657
24377
23513
21928
20637
18987
15994
12257
9271
6634
0
31268
31300
29737
28364
24856
19480
14442
10017
7852
7916
11058
15848
17156
6426
31964
31766
31525
29482
26141
22083
16572
12004
9408
9128
12022
14801
1288
34336
35909
33844
31248
26864
23238
17191
13383
9847
9630
13120
15570
33708
34391
33702
33610
30438
25316
19236
14404
10662
11245
15539
8695
32548
33163
34200
32398
28060
23695
18131
14041
10123
2543
29653
29805
29424
28467
24835
20817
15974
11534
9101
7722
9480
13755
7926
30400
28790
27199
25368
25510
22366
17611
13281
10300
8864
27965
27534
27465
26715
23047
19650
14181
10149
7842
8319
11198
15320
14172
