45
100
86
86
154
240
178
177
119
116
177
523
546
834
844
1169
1286
1708
1673
1269
1491
2195
2387
1751
1556
1494
1766
1816
1709
1592
1459
1442
1682
1509
1623
1696
2518
3070
3672
4875
6220
12834
12587
11446
12241
10167
8164
7955
7664
8080
9038
9536
9744
10182
10473
9995
16366
17369
17568
16899
17943
19754
20911
21996
22241
31837
31091
25728
20788
21067
18672
17217
18284
18602
21139
22210
22503
24488
28540
26989
26178
24894
25733
25126
24389
26331
29851
33528
39173
41703
37211
30504
25627
23245
20471
19210
24288
29940
30381
32953
34503
36889
36130
34637
32745
33722
35684
33983
34363
36484
37762
42299
46579
49537
47496
40666
34744
34018
34649
33135
30304
31174
29301
28551
29560
32348
29766
26225
23696
21294
21323
21397
21628
23657
27120
28819
32065
33059
31420
29054
25821
24036
21646
20973
19613
21997
20560
23206
25692
26959
25587
23512
22927
21238
21678
25010
24696
26014
26101
27242
27614
27048
27890
26700
25113
22642
21086
20347
21283
31193
34442
56408
53117
53740
49619
56321
49602
55009
53592
48999
55099
52904
58669
62363
68820
68531
72057
59837
57375
57210
55608
47054
56309
55127
54937
55180
45412
51807
51585
46054
47828
46499
74745
67533
74258
71127
74167
81524
78324
78311
66478
66643
68064
76274
90950
77365
66311
73451
62246
67113
66413
64431
56978
56213
55790
45357
54403
56291
57696
64985
60030
71528
71246
63984
69345
60221
62850
55337
55812
62116
61138
56993
